173
199
163
110
113
153
133
195
164
133
184
145
187
148
114
179
165
113
107
199
196
163
137
129
107
121
101
182
124
158
198
178
140
121
166
126
170
123
125
170
176
156
167
185
189
197
156
159
179
104
121
145
126
130
143
103
110
177
166
167
130
149
1000004
1000325
188
104
193
118
176
113
137
192
154
188
120
150
146
115
111
172
106
128
157
177
144
185
178
191
164
134
198
119
188
121
172
115
199
150
160
140
141
163
133
113
121
176
146
170
190
130
137
119
167
177
196
175
138
156
117
176
102
155
141
119
110
112
126
158
122
166
173
133
163
189
100
156
122
140
193
128
178
195
193
176
199
103
183
133
135
153
144
172
181
154
187
189
156
116
114
119
115
159
164
193
163
119
187
150
170
153
147
190
107
165
197
134
130
186
181
107
119
156
137
122
156
111
163
101
175
123
147
164
122
128
100
145
161
168
103
138
117
122
